%Loading Case (lbs)	F0 (lbf)	F1 (lbf)	F2 (lbf)	F3D (lbf)	LVDT (in)	%9/29/20218:23 PM
0.000	-0.805	1.209	-0.272	-97.170	0.000
0.000	-0.812	1.210	-0.276	-97.128	0.000
0.000	-0.810	1.205	-0.268	-97.143	0.000
0.000	-0.809	1.208	-0.274	-97.156	0.000
0.000	-0.814	1.207	-0.268	-97.177	0.000
0.000	-0.812	1.203	-0.274	-97.090	0.000
0.000	-0.817	1.211	-0.271	-97.145	0.000
0.000	-0.803	1.212	-0.271	-97.090	0.000
0.000	-0.814	1.211	-0.266	-97.159	0.000
0.000	-0.805	1.216	-0.271	-97.114	0.000
10.000	0.913	4.846	4.890	-81.875	-0.003
10.000	0.951	4.818	4.877	-81.852	-0.003
10.000	0.960	4.817	4.885	-81.815	-0.003
10.000	0.957	4.789	4.854	-81.905	-0.003
10.000	0.954	4.809	4.878	-81.811	-0.003
10.000	0.959	4.812	4.883	-81.763	-0.003
10.000	0.969	4.804	4.881	-81.805	-0.003
10.000	0.960	4.810	4.878	-81.840	-0.003
10.000	0.951	4.811	4.876	-81.809	-0.003
10.000	0.951	4.811	4.883	-81.754	-0.003
20.000	2.877	7.985	10.317	-65.666	-0.008
20.000	2.823	8.005	10.279	-65.693	-0.008
20.000	2.832	8.002	10.294	-65.713	-0.008
20.000	2.868	7.981	10.299	-65.654	-0.008
20.000	2.845	7.983	10.302	-65.575	-0.008
20.000	2.856	7.971	10.301	-65.584	-0.008
20.000	2.854	7.978	10.298	-65.592	-0.008
20.000	2.860	7.984	10.299	-65.641	-0.008
20.000	2.863	7.990	10.315	-65.560	-0.008
20.000	2.872	7.986	10.309	-65.593	-0.008
30.000	4.773	11.950	15.109	-53.149	-0.014
30.000	4.770	11.942	15.099	-53.259	-0.014
30.000	4.759	11.965	15.108	-53.213	-0.014
30.000	4.784	11.950	15.120	-53.185	-0.014
30.000	4.763	11.953	15.107	-53.232	-0.014
30.000	4.765	11.961	15.126	-53.153	-0.014
30.000	4.755	11.975	15.112	-53.122	-0.014
30.000	4.782	11.953	15.117	-53.129	-0.014
30.000	4.768	11.960	15.112	-53.191	-0.014
30.000	4.771	11.968	15.119	-53.216	-0.014
40.000	6.193	15.451	19.975	-40.418	-0.022
40.000	6.111	15.423	19.889	-40.674	-0.021
40.000	6.292	15.840	20.496	-39.597	-0.022
40.000	6.277	15.968	20.598	-39.473	-0.022
40.000	6.173	15.656	20.180	-40.193	-0.022
40.000	6.217	15.758	20.323	-39.976	-0.022
40.000	6.296	15.851	20.511	-39.552	-0.022
40.000	6.138	15.729	20.198	-40.117	-0.022
40.000	6.191	15.751	20.296	-40.031	-0.022
40.000	6.248	15.812	20.402	-39.719	-0.022
50.000	8.662	19.102	25.399	-30.792	-0.034
50.000	8.736	19.030	25.407	-30.658	-0.034
50.000	8.731	19.015	25.375	-30.728	-0.034
50.000	8.685	19.000	25.336	-30.751	-0.034
50.000	8.637	19.033	25.318	-30.868	-0.034
50.000	8.636	18.977	25.258	-30.959	-0.034
50.000	8.608	18.987	25.240	-30.942	-0.034
50.000	8.645	18.965	25.251	-30.983	-0.034
50.000	8.644	18.968	25.259	-30.901	-0.034
50.000	8.660	19.001	25.293	-30.884	-0.034
40.000	6.097	15.947	20.371	-39.703	-0.022
40.000	6.118	15.969	20.417	-39.593	-0.023
40.000	6.021	15.923	20.276	-39.884	-0.022
40.000	6.022	15.964	20.337	-39.804	-0.022
40.000	6.147	15.915	20.409	-39.593	-0.023
40.000	6.150	15.822	20.316	-39.756	-0.023
40.000	6.221	15.776	20.343	-39.666	-0.023
40.000	6.233	15.793	20.378	-39.554	-0.023
40.000	6.256	15.722	20.319	-39.666	-0.023
40.000	6.284	15.705	20.345	-39.599	-0.023
30.000	4.978	11.805	15.080	-52.035	-0.014
30.000	4.656	12.299	15.254	-52.102	-0.014
30.000	4.733	11.941	14.970	-52.485	-0.014
30.000	4.948	11.951	15.204	-51.874	-0.014
30.000	4.755	11.991	15.036	-52.370	-0.014
30.000	4.751	12.141	15.197	-52.121	-0.014
30.000	4.772	11.954	15.025	-52.389	-0.014
30.000	4.750	12.075	15.129	-52.241	-0.014
30.000	4.788	12.045	15.128	-52.103	-0.014
30.000	4.800	11.974	15.084	-52.197	-0.014
20.000	2.825	8.083	10.332	-65.271	-0.008
20.000	2.727	8.156	10.266	-65.446	-0.008
20.000	2.853	8.052	10.294	-65.165	-0.008
20.000	2.789	8.149	10.326	-65.308	-0.008
20.000	2.855	8.051	10.305	-65.255	-0.008
20.000	2.863	8.052	10.300	-65.239	-0.008
20.000	2.782	8.135	10.316	-65.308	-0.008
20.000	2.786	8.115	10.299	-65.317	-0.008
20.000	2.858	8.058	10.308	-65.254	-0.008
20.000	2.847	8.070	10.295	-65.280	-0.008
10.000	0.899	4.935	4.869	-80.667	-0.004
10.000	0.863	4.932	4.846	-80.727	-0.004
10.000	0.874	4.929	4.852	-80.624	-0.004
10.000	0.885	4.927	4.862	-80.604	-0.004
10.000	0.880	4.916	4.843	-80.688	-0.004
10.000	0.892	4.913	4.861	-80.599	-0.004
10.000	0.879	4.919	4.849	-80.593	-0.004
10.000	0.884	4.923	4.851	-80.571	-0.004
10.000	0.887	4.912	4.851	-80.540	-0.004
10.000	0.886	4.911	4.852	-80.597	-0.004
0.000	-0.841	1.207	-0.272	-97.109	0.000
0.000	-0.844	1.202	-0.279	-97.137	0.000
0.000	-0.845	1.200	-0.284	-97.149	0.000
0.000	-0.845	1.201	-0.263	-97.182	0.000
0.000	-0.848	1.200	-0.279	-97.148	0.000
0.000	-0.840	1.201	-0.272	-97.080	0.000
0.000	-0.844	1.202	-0.276	-97.144	0.000
0.000	-0.840	1.206	-0.277	-97.148	0.000
0.000	-0.843	1.204	-0.278	-97.066	0.000
0.000	-0.852	1.205	-0.274	-97.156	0.000
